0.589844 0.763672 0.099609 0.152344 -0.892578 -0.582031 0.021484 -0.216797 -0.111328 -0.183594 0.101562 -0.318359 -0.949219 -0.822266 0.031250 -0.152344
0.580078 1.550781 -0.070312 -0.093750 -0.427734 -0.933594 -0.351562 -0.324219 -0.078125 0.126953 0.244141 -0.054688 -1.056641 -0.791016 -0.361328 -0.667969
0.775391 0.498047 -0.205078 -0.121094 0.646484 1.046875 -0.306641 -0.281250 -0.130859 -0.210938 -0.583984 -0.423828 0.632812 0.798828 -0.773438 -0.980469
0.730469 1.197266 0.322266 -0.087891 -0.597656 -0.636719 -0.386719 -0.482422 0.021484 0.404297 -0.195312 -0.226562 -0.902344 -0.919922 -0.656250 -0.814453
0.541016 1.044922 0.044922 0.007812 -0.773438 -0.490234 -0.451172 -0.546875 0.203125 0.382812 -0.251953 -0.164062 -0.615234 -0.718750 -0.503906 -0.533203
0.179688 0.074219 -0.234375 0.023438 -0.886719 -0.728516 0.185547 0.150391 0.021484 0.296875 0.775391 0.410156 -0.972656 -0.699219 1.148438 0.617188
0.531250 0.193359 -0.373047 -0.029297 -0.886719 -0.849609 -0.009766 0.017578 0.111328 0.011719 0.289062 -0.029297 -0.810547 -0.863281 0.566406 0.763672
1.005859 1.052734 0.066406 -0.128906 -0.177734 0.082031 -0.302734 -0.412109 -0.097656 0.449219 -0.482422 -0.517578 -0.687500 -0.654297 -0.904297 -1.080078
0.238281 0.781250 -0.318359 0.136719 0.845703 0.949219 -0.394531 -0.347656 0.169922 0.070312 -0.890625 -0.158203 0.748047 1.169922 -0.777344 -0.531250
0.787109 0.800781 0.066406 0.056641 -0.044922 -0.220703 -0.310547 -0.441406 0.136719 0.066406 -0.347656 -0.554688 -0.583984 -0.476562 -0.917969 -0.759766
-0.220703 -0.458984 0.496094 0.236328 -0.824219 -0.845703 0.847656 0.714844 0.369141 0.582031 0.576172 0.810547 -0.742188 -0.601562 1.289062 0.970703
0.427734 -0.259766 -0.271484 -0.261719 -1.000000 -0.765625 0.306641 -0.042969 -0.130859 0.085938 0.822266 0.570312 -0.855469 -0.863281 0.878906 0.607422
0.556641 0.232422 0.173828 0.041016 -0.591797 -0.716797 0.099609 0.046875 0.130859 0.474609 0.703125 0.476562 -1.031250 -1.171875 0.728516 0.509766
0.664062 1.468750 -0.199219 0.236328 -0.257812 -0.335938 -0.451172 -0.615234 0.396484 0.091797 -0.302734 -0.240234 -0.529297 -0.716797 -0.626953 -0.796875
0.765625 1.087891 0.111328 0.310547 -0.419922 -0.441406 -0.490234 -0.406250 0.144531 0.384766 -0.205078 -0.296875 -0.630859 -0.761719 -0.843750 -0.841797
0.429688 0.804688 -0.236328 0.019531 0.812500 1.037109 -0.285156 -0.224609 0.152344 0.000000 -0.652344 -0.191406 1.048828 0.658203 -0.804688 -1.003906
0.695312 1.119141 -0.001953 -0.189453 0.039062 -0.216797 -0.603516 -0.626953 0.408203 0.347656 -0.298828 -0.304688 -0.361328 -0.207031 -0.958984 -0.720703
-0.023438 0.458984 -0.089844 -0.138672 1.007812 1.279297 -0.017578 -0.148438 0.142578 -0.017578 -0.484375 -0.398438 1.128906 1.335938 -0.904297 -0.550781
0.494141 0.177734 0.218750 -0.167969 -0.984375 -0.953125 0.447266 0.082031 0.468750 0.744141 0.720703 0.449219 -0.843750 -1.177734 1.218750 1.039062
0.640625 1.246094 0.023438 -0.140625 0.128906 0.033203 -0.365234 -0.500000 0.167969 0.236328 -0.330078 -0.152344 -0.697266 -0.517578 -0.884766 -0.968750
0.855469 1.113281 0.113281 -0.199219 -0.326172 -0.457031 -0.091797 -0.628906 -0.126953 0.242188 0.058594 -0.285156 -0.503906 -0.392578 -0.896484 -0.658203
-0.412109 -0.378906 0.177734 0.187500 -0.261719 -0.507812 0.705078 0.583984 0.222656 0.423828 0.861328 0.449219 -0.021484 -0.302734 1.416016 1.265625
0.152344 0.298828 -0.140625 -0.156250 0.890625 1.072266 -0.050781 -0.160156 0.031250 0.187500 -0.566406 -0.300781 1.130859 1.148438 -0.691406 -0.898438
0.849609 1.480469 -0.103516 0.189453 -0.236328 -0.310547 -0.210938 -0.380859 -0.095703 0.111328 -0.269531 -0.085938 -0.966797 -0.728516 -0.781250 -0.857422
0.496094 0.884766 -0.023438 -0.144531 -0.382812 -0.316406 -0.259766 -0.326172 -0.074219 0.099609 0.146484 -0.058594 -0.925781 -0.498047 -0.443359 -0.785156
-0.007812 -0.167969 -0.044922 0.248047 -0.746094 -0.861328 0.599609 0.130859 0.529297 0.685547 1.097656 0.789062 -1.044922 -1.187500 1.480469 1.265625
0.457031 0.656250 -0.009766 -0.058594 0.431641 0.437500 -0.195312 -0.275391 -0.039062 0.406250 -0.359375 -0.392578 0.576172 0.406250 -1.166016 -1.052734
0.949219 1.146484 -0.093750 -0.175781 0.171875 0.068359 -0.619141 -0.322266 0.560547 0.355469 -0.574219 -0.636719 -0.251953 -0.556641 -1.087891 -0.767578
-0.589844 -0.365234 0.261719 0.464844 -0.460938 -0.462891 0.896484 0.742188 0.539062 0.402344 0.792969 0.789062 -0.537109 -0.328125 1.244141 1.183594
0.843750 0.998047 -0.130859 -0.013672 0.341797 0.566406 -0.242188 -0.511719 -0.203125 0.023438 -0.406250 -0.519531 0.509766 0.585938 -0.810547 -1.099609
0.820312 1.052734 0.199219 -0.042969 -0.244141 -0.488281 -0.453125 -0.498047 0.365234 0.132812 -0.181641 -0.037109 -0.785156 -0.462891 -0.917969 -0.808594
0.500000 0.222656 0.050781 0.066406 -1.064453 -1.039062 0.425781 0.160156 0.951172 0.992188 0.953125 0.728516 -0.890625 -1.218750 1.136719 0.787109
0.958984
0.941406
0.349609
0.957031
0.689453
0.197266
0.466797
0.994141
0.320312
0.890625
-0.453125
0.273438
0.115234
0.757812
0.945312
0.519531
0.648438
0.142578
0.087891
0.769531
0.693359
-0.564453
0.105469
1.109375
0.994141
-0.279297
0.613281
0.798828
-0.503906
0.835938
0.705078
0.085938
0.251953 0.707031 1.078125 0.902344 0.640625 -0.726562 -0.578125 1.041016 1.052734 0.910156 -0.529297 -0.826172 -0.492188 0.976562 0.855469 0.945312 1.224609 0.882812 -0.628906 1.181641 0.951172 -0.509766 1.017578 0.894531 0.595703 -0.613281 1.171875 1.140625 -0.576172 1.384766 0.923828 -0.488281
0.437500 0.576172 -0.201172 0.511719 0.654297 -0.314453 -0.232422 0.363281 -0.408203 0.451172 -0.554688 -0.302734 -0.218750 0.408203 0.595703 -0.197266 0.548828 -0.462891 -0.255859 0.597656 0.654297 -0.429688 -0.441406 0.431641 0.626953 -0.523438 0.191406 0.548828 -0.667969 0.234375 0.800781 -0.232422
-0.798828 -0.927734 0.093750 -0.910156 -1.005859 -0.193359 -0.634766 -1.201172 0.390625 -1.138672 0.310547 -0.328125 -0.207031 -0.914062 -1.003906 0.404297 -0.863281 0.552734 -0.369141 -0.972656 -0.943359 0.443359 0.597656 -1.033203 -1.148438 -0.046875 -0.226562 -1.056641 0.566406 -0.503906 -1.142578 -0.392578
-0.957031 -0.898438 0.812500 -0.667969 -0.445312 -0.375000 -0.859375 -0.437500 0.931641 -0.382812 0.363281 -0.771484 -0.402344 -0.476562 -0.425781 0.957031 -0.007812 1.164062 -0.443359 -0.175781 -0.210938 0.691406 0.982422 -0.630859 -0.582031 0.015625 0.845703 0.113281 0.416016 0.845703 -0.359375 -0.244141
0.468750 -0.105469 -1.121094 -0.355469 -0.345703 1.093750 0.906250 -0.699219 -0.585938 -0.677734 1.056641 1.095703 0.957031 -0.484375 -0.474609 -0.470703 -0.687500 -0.560547 1.257812 -0.572266 -0.589844 0.878906 -0.617188 -0.218750 -0.207031 1.015625 -1.039062 -0.609375 1.023438 -0.878906 -0.703125 1.103516
0.947266 0.824219 -0.732422 0.626953 0.642578 0.302734 0.857422 0.320312 -0.949219 0.218750 -0.462891 0.644531 0.554688 0.349609 0.410156 -1.125000 0.025391 -1.332031 0.482422 0.062500 0.406250 -0.728516 -1.212891 0.468750 0.390625 0.212891 -0.583984 -0.107422 -0.490234 -0.656250 0.537109 0.281250
0.759766 0.552734 -1.119141 0.488281 -0.048828 1.281250 0.974609 -0.292969 -0.625000 -0.341797 0.841797 1.173828 1.160156 -0.214844 0.244141 -0.697266 -0.343750 -0.755859 1.263672 -0.400391 0.005859 0.408203 -0.478516 0.269531 0.527344 1.296875 -0.789062 -0.429688 0.681641 -0.888672 -0.189453 1.208984
0.613281 0.587891 -0.589844 0.666016 0.478516 0.175781 0.324219 0.316406 -0.917969 0.283203 -0.638672 0.175781 0.269531 0.498047 0.580078 -0.503906 0.496094 -0.919922 0.015625 0.421875 0.486328 -0.728516 -0.890625 0.664062 0.505859 -0.535156 -0.140625 0.207031 -0.505859 -0.257812 0.708984 -0.095703
1.208984 1.294922 -0.412109 1.160156 1.378906 0.607422 1.064453 1.142578 -0.742188 0.898438 -0.169922 0.867188 0.474609 1.345703 1.251953 -0.656250 1.058594 -0.687500 0.564453 0.957031 1.283203 -0.312500 -0.775391 1.285156 1.115234 0.076172 0.132812 0.802734 -0.392578 0.009766 1.326172 0.421875
-0.492188 -0.275391 0.501953 -0.289062 -0.029297 -0.574219 -0.574219 0.230469 0.658203 0.087891 -0.212891 -0.451172 -0.332031 0.033203 0.003906 0.574219 0.449219 0.673828 -0.455078 0.117188 -0.125000 -0.289062 0.722656 -0.115234 -0.283203 -0.501953 0.339844 0.582031 -0.376953 0.300781 0.400391 -0.480469
0.505859 0.896484 0.134766 1.082031 0.785156 -0.265625 -0.066406 0.925781 -0.119141 0.998047 -0.687500 -0.240234 -0.246094 1.070312 1.033203 -0.289062 1.050781 -0.681641 -0.513672 1.005859 0.855469 -0.750000 -0.457031 0.970703 0.949219 -0.603516 0.623047 1.001953 -0.794922 0.601562 0.902344 -0.388672
-0.669922 0.333984 1.001953 0.529297 0.634766 -1.285156 -0.917969 0.714844 0.929688 0.468750 -0.986328 -1.320312 -1.410156 0.712891 0.531250 0.716797 0.939453 0.664062 -1.466797 0.812500 0.482422 -1.031250 0.763672 0.419922 0.242188 -1.269531 0.976562 0.748047 -0.875000 1.099609 0.529297 -1.453125
-0.230469
-0.320312
0.416016
0.681641
0.066406
-0.566406
-0.179688
-0.494141
-0.408203
0.238281
-0.445312
-0.130859
0.242188 -1.097656 1.539062 1.212891 -0.148438 -1.843750 -0.966797 -1.705078 -1.281250 0.984375 -0.974609 0.556641
-1.429688 -1.144531 0.240234 -0.498047 1.189453 0.603516 1.050781 -0.410156 0.279297 -1.324219 -1.062500 -2.230469
0.087891
-0.037109
